Epoch: 1 Learning rate: 1.000
0.000 perplexity: 10101.392 speed: 985 wps
(20, 20, 10000)
[[8245 8245 2076 3767 8336 3767 9619 9619 2989 5519 1299 1299 1423 6262  3722 3722 3533 7112 3533 8520]
 [9741 9741 9741 9741 9741 8224  772 7900 6719 2358 3268 7223 4248 2358  7705 7705 9497 7384 9738 8790]
 [2707 4719  808 6603 8206 8206 7475 8770 2076 1423 7233 7233  862 4719   125 6603 6603  217 6350 2605]
 [9437 9437 4944 3202 3202 9741 3202 1349 1349 9394 9394 7990 7990 7990  7705 9638 9638 2635 7900 7900]
 [3108 4300  712  712  712 7776  412  412 2707 4756 2707 2707 2707 7856  7856 3268 3268 4580 5499 1580]
 [6350 2409 2409 2409 7900 3720  346 7112 7112 4259  217 4218 2327 8064  6417 8064 8064 1423 2691 9437]
 [1290 9710 9710 9710 9710 9710 3268 3268 3268 3268 2026 2358 2358 2358  2358 2358 2358 3720 4881 6344]
 [9741 2192  772 2192 1507 6350 1507 1507 7900 7223 7856 4218 7223 6350  6350 6350 5412   56   56 7233]
 [7384 7384 6344 6344 3563 3563 3563 1349 4564 3108 7522 4320 9092 7384  6350 6350 6350 8439 2605 2605]
 [5412 1580 7900  217 7223 7112  217 1454 9092 9092 3268 3268 3268 3268  3268 3268 3268 3268 3268 9638]
 [9497 9497 8790 8790 8790 2192  927   56 4881 8439 2192 5412 5412 8206  2290 5976 2290 1507 1507  599]
 [ 772  772 4259  772  772  772 3268 4564 8439 8439 8439 9184 8439 3108   808 6344 3121 2989 9264 6262]
 [3121 6350   37 1423 7223 6603 7223   37 4218 4719  772 6417 1454 1454  2284 2284  772  772  772 1423]
 [4259 3563 3563 3268 1507 1507 1507 9556 3946 6350 6417 9480 6417 6417  6417 6399 6399 6399 6399 9497]
 [9437   56 1423 2358 1423 2358 7389 3268 3268 9741 9741 9741 2290 6344  6344 1349 1507 7112 8790 6719]
 [2707 4719 4719 9437 9437 8307 8307 4719 4719 4719 7223 6603 3903 6603  6603 3942 2719 4300 8165  599]
 [4881 7223 4854 5139 2635 1507 1507 1423 1423 1423 1423 8534 1580 1580  9437 8307 8307 6350 6350 9264]
 [6350 3767 7311 7705 9619 7705 3722 3722 3108  927  927  927 4881 4881  4881 8983 8983 8165 8165 2076]
 [7233 7900 7900 8064 8064 8064  129 2284 9092 9092 2284 4719 3268 3268  3268 4719 4719 1488 4719 4719]
 [7112 7112 7112 7112 8336 8336  712 7233  412  412  412 1507 1507 1507  1423 2457 8439 3121 3121 6350]]

0.100 perplexity: 851.272 speed: 1564 wps
(20, 20, 10000)
[[70  2  1  1  2  2  2  0  0  0  0  2  0  1  0  2  1  2  0  2]
 [ 2  0 70  1  2  1  2  0  1  2  1  2  0  1  1  1  2  0  2  0]
 [ 1  0  1  1  2  2  0  1  2 70  1  2  0  2  2  2  0  2  2  0]
 [ 1  2  2  2  0  1  2  2  1  2  0  2  2  1  1  3 48  2  2  2]
 [ 2  2  3 21  2  0  1  0  1  1  3 48  2  2  2  0  1  1  0 70]
 [ 1  0  1  1  2  0  2  0  1  2  0  1  1  1  1  1  2  0  2  0]
 [ 0  2  1  1  0 70  1  1  2  2  2  1  2  1  2  2  0  2  0  0]
 [ 1  0  1  0  1  0 70  1  2  1  2  1  2  2  0  1  1  1  1  2]
 [ 0 70  1  1  1  1  2  0  1 70  2  0  1  2  1  0  2  2  1  2]
 [ 2  2  0  1  0  2  1  0  1  1  2  0  2  2  0  1  1  1  2  0]
 [ 2  0  1  1  2  0  1  2  0  1  1  1  1  2  1  1  0  1  1  2]
 [ 0  2  0  1  1  1  2  0  0  2  0  2  2  1  0  2  2  0  1  1]
 [ 1  1  1  1  2  2  2  2  0  2  2  2  0  1  0  1  3 21  2  0]
 [ 2  0  0  1  1  2  1  2  2  0  2  1  1  1  2  2  0  1  1  2]
 [ 0  1  2  1  2  0  2  0  1  2  0  1  2  1  1  1  1  1  2  1]
 [ 2  0  1  2  2  0  2  0  2  2  2  0 70  2  2  1  2  1  1  2]
 [ 2  2  2  2  0  0  0  1  1  2  2  0 70  1  2  0  1  2  1  2]
 [70  1  2  2  0  2  0  1  0  1  2  2  0 70  1  2  2  0  1  2]
 [ 2  0  1  2  0  1  1  2  0  1  0  1  2  2  0  1  0 70  2  1]
 [ 1  2  0  1  2  2  1  0  1  0  1  1  1  1  2  1  2  0  2  0]]
0.200 perplexity: 624.111 speed: 1590 wps
(20, 20, 10000)
[[  12    4 1010    9   14    9   32    5    5    0    0    5    0    3     3    3   12    3    1    1]
 [   1    8    0  123    2    1   92  448    8    7    1    1    4    8     7    0    9    0    0   14]
 [   3    4    7    0    3    4    1    9    0    1    0    1    0    0     4    0    1    4    0    0]
 [   3    3    3    4    0    1    1    3   21    1    4    1    0    0     3    1    3    3   21    1]
 [   1    4   12    3    4    4    0    1    1    0    1    1    9   25     0    1    4    4    1    3]
 [   4    4    0    0    0    0    1    4    1    9   14    1    1    1     4    0    1    4    1    9]
 [   2    1    0    1    4    4    1    0    1    0    5    5    1    0     1    9    3    3    1    4]
 [   1    1    0   55    3   12    4    1    8    8    0    1    0    3     1    9    1    0    1    0]
 [   3   21    7    1    4    0    9    3   12    3   21   62    4    3     3    3    3    1    4    3]
 [   0    1    9    0    0    0    1    4    0    1    1    0    1    9     0   14    1    1    1    0]
 [   1    1    1    1    1    1    4    9    9    0    1    8    1    0     1    1    9    0    0    9]
 [   1    1    1    0    1    0    1    1    1    0    1    1    0    0     1    3    0    0    1    9]
 [   4    0    1    9    0    1    0    1    9    1    1  194    4    1     0    1    1    0    0    0]
 [   0    3    1    0    3   21    7    1    1    3    3    4    3    4     3    4    3    1    0    1]
 [   8    0    1    9    0    0    1    1    0    1    4    0    1    1     1    0    0   55    4    1]
 [   0    0    1    9    1    0    0    0    0    1    1   25    0    0     0    0    0   25    0    0]
 [   1    0    0    1    7    1    4    9   25    0    7    0    1    5     1    0   12    4    7    0]
 [   0    1    9    0    5    0    0    1    4    1    4    1    1    0    12    4    0    9    1    0]
 [   4    0    1    7    0 1010    9    0    0    0    1    1    0    0     1    0    0    5    0    1]
 [   0    0    0 1010    9    0    9    0    0    1    5   14    0    5     1    0    0    0    9    0]]


---

0.399 perplexity: 46.820 speed: 1651 wps
(20, 20, 10000)
[[   0 2714    9    1    5   24   25    1    7    7    0    1    4    6     1    4    0   53   23    2]
 [   4   26    7   11    0   34   17 1162    4    0    0    1   26    1     1   86    2    1    5    1]
 [ 327  213  213  598  185    7    0   11    0  207  116    2    0   38    26    1    2    0    1   47]
 [   2  118    3  168    5    0    6    2    0    1    6  232    4   92   142  609   11    6    4    0]
 [ 212   24    1    2    0    1    2   16    0    0    1    9    1    0     1   30    0    1    4    0]
 [   7    1    8   38    0    9   30   32   16    0  129   60  223   60  1467    8    4    0  101  101]
 [   0    6   19  123    2   28    6   45   11    0  165  165    2  284     2   13    5   25    0    8]
 [   6  121   19   19    0  573   87    1    1    2    0    2    0    0     8   68 1090 1090    2    0]
 [   0   74  327  627    3   20    3  107  311    2    0    4    0  244     7    0  235  441    4  125]
 [   2    0    0   10    0   42   34   49   37    2   28    1   13    0     6    4   30   12    3    6]
 [   4    0    1  234    4  571    2    0    1    4   42   42   25    0     5    5    0  672    4    0]
 [   1  747    1    1    7    0    1    1    2    0    1   24   25    6     1    8    1    2    2   26]
 [ 240  172    8    0  460  136  158    2    0   11    0  109    9    5    12    3   21   20   12    3]
 [  82 4319    1  167   30   58    1    6   62    2   58   10  296   54    37   62    5  188    5    1]
 [   2    0   26  628  220 1088  177 1805  769   20    0  196    4  164   134  778    2    0  101   26]
 [  81    8    0    3    3  244    7  298   81   11    0    4    1  803    18    0  269  243  362  368]
 [ 254    3    3    3   48    4  294    8    0   37   15   25   12    3    21    7   12    1   10    4]
 [   6   62    2  186    4   12    3   21    2    0    0  510  126    0   119   12    3   21   36   12]
 [   1   92  285    4    0    8   17    1    4    1    1 1839    1    1     0    1    1    5    6    1]
 [   7    7   34   26   51    5   45  309    2   76    0    4   26   25     1    2    1    2    1    2]]

---

0.799 perplexity: 42.896 speed: 1616 wps
(20, 20, 10000)
[[   2  149  169  241    3    8    8    3    3    2    0  116   26    0   240   33    0   33   25  130]
 [ 410    1  961   47   47    2    0   37 2138   37   15   12    3   21    36   12  107    6   62   16]
 [   6    1    4    1    9   56    0  471    6    1    1    4   26    6     1    1    2    8    1    0]
 [ 230    4    4    0   74  327   60 1227    2    0    0    9    0    0    40    0    0    9   25    1]
 [   8   46    7    0   77    2    0   38    9   32    6   10  975   77    11    0    2 1348    8  216]
 [   6  410    0  158    4  233 5389    9    1  240  683   30    3    3     3 4994   12    3   48    7]
 [   2    1   15    2    6  123    9    1    2    1    1    2    2    0     1    1   24    0    1   13]
 [  61   82 4184    9   33   14    1    1    6  232    7    1   25   25     0   82 7015    9  146    2]
 [   3 1163    3    3    2    0 5185   26 1624    8    8   33    5  630  1083  270    8    0  185    4]
 [   0    1    8    8    3    0   74  109    7    3 3630    2    6    3     3  460    7    0    1    3]
 [   4  108   33  680   11    0   47    2    0   47    4    3    0    3     3  461   12    3    6    2]
 [   6  190    2    0    0   26   32    5    0    1    1    0    4  125     8    0   53   47    2   19]
 [  25    6    7   10    0    3  244  217   42   13   25    1    2   11    0  695   13    5   25    3]
 [  13   12    0   16    0   37    2    0    9   14   13    0    1    7   262    1    2    0    0    0]
 [   0    7    1    1   22    1    1   22    0    1    1    1    8    1     1    6    4    0    1  441]
 [   8    0    0 1160    9    1   24    0 2013   13    1    2   40    2     0    0   16    0    1    1]
 [  37    9    1  226  158    2    3    3   20    3    3    6    0 1522   109  109    2    0  217 2999]
 [   9    0  225 1963    4   34    2    0    3    2    0   47    4  250    13   89    5    0   58   44]
 [  12   18    4    0  833   24  104   47    1    1    5   25    1    2    20    0    0    6   47   14]
 [   3    5    3    3    3    3    2    0   37    1    4    7    0   35    24   52   52  119    3    3]]
0.899 perplexity: 41.475 speed: 1620 wps
(20, 20, 10000)
[[   0    1    7    7    0   20    0 1802    4  286    4    0    1    1     7    0   53  217    2    0]
 [   4    0    1    8    2    6    1    6    1    1    1    5    0    0     1    1    2   24    0    1]
 [  26    1    7    8   44    2    0    4    4    3   72    2    0    1     4    0    1    3    4    0]
 [  26    5   25    0   22   32   34    2   15    2    0    1   15   50    22    0   96    7    0    3]
 [  11    6  226    4    0    3    2    0    0  246   21   71  546    4     0   12    3   21    4  950]
 [   6    1    2    4    0    0    1   13    9    6    5   25    0  101     2   13    0    2  168    2]
 [   2    0    1    1    6    1    1    7    0    1 2212 1034    5 1862     2    0  316   10    9   25]
 [ 115   67    0   81   11    0   37   26   58    0    2    0   47    2    14   26   32  213   10  398]
 [   1    1  354    2    0    0    0    1    1  233    0 2537    9    0   564    1  131  158    4    3]
 [   1    2    4    0    0    7   44   34    0   56    2    0    4   17     0  194    2    0  289   13]
 [1623    1  436    2    2    0    9  395  395    7    0    4    2  691   202  202    3    5    3    3]
 [  37    7  513    1    1    2    0  685    2    0    0  268  112    1     8  359  270   46 1195    3]
 [ 539  189    2    0    9  177   13   58    6    1   76    4    4    0     1    5   58    0    2    1]
 [3638 3796    6    1   82    1   30   58    0    1    4    3    2   37   137   26    1    1    8    1]
 [ 332    2   24    0  695    8   55    2   29    0  681    0   33   58     0    2    0    1    6   95]
 [   5    0    1  430    4    0  375   13    0 2585  672   13   15   13    10   25    6    1    2    6]
 [ 115 2700   16    0  219    9  137   60  190   19 3066   17  906 1348   180  197 3401 3972    2    5]
 [   1   47    1    0  354    7    0    1    8    0   13    1    4    0     2    0    1    4    0    1]
 [  12    8    8    1    5    5    0    5    0   37    2    1    6    3    21    7    1  336    2    2]
 [   0  134  536    2    3    3 1004 3142  603 1538    3   21    2    0    13    0   17    3    4    0]]
0.999 perplexity: 40.508 speed: 1623 wps
(20, 20, 10000)
[[   1    0    1    2    0    0   53   30  372   30   58    6    5    5     0  463    8   10    0  804]
 [   1 2641   12    3   21   11  837    6    1    1    0    1    1   41     1    0    1    1    1    8]
 [  12    9   62    2    3   12    3   21    2    0   59   42   32    6     1   16    0    9   15    4]
 [ 192    0    3   71   71    2    2    4   47  365  608    5  184    7     0   60   16  330   77    2]
 [   6    1    5  182    0   47    7    0   60    2    6 1731    1   15     2   10    0    1  297    2]
 [   4    0    1    1    4  722    4    1    2    1    2   23   23    1     1  573    6    5    2    6]
 [   0    8   26    5    1    2   23    1    2   68   67 3049    9    6     6    1    1    0    1    1]
 [   0    6  860    1 1160   30   58   52    6    1    9    1  218    8    53    4   58    6    6    2]
 [4827    8    8    8 4580    8 1765    7 5290    2    0    0  190    2   248  206    7 5249  793    8]
 [   0    3    3    3    3    4   12    8    7    0   53  568  820    0     0    1  820    0 1641   42]
 [   1    1    2    0   61    1   38    7    0    1    0    1   26   63   665    0    1    2    1    2]
 [   5    0   85    2   23    0   43    0    1    0    0   74   75   72    28    1   30   28   30    5]
 [   0   32    6    1    4    0  307    2    2   23    0    0    1    9     1    1  495   22    1   30]
 [   1   22    0    1  297  532    2    0   53   47    2    1    7    0    13  826    2    1    5    2]
 [   1    8    0    1    2    0    0   34   34    5    4    1   43    0  1010   13   32    0    9   63]
 [   6    7    2    0    4   10    9    6    1    5   25    0    0    0     0    4   13  166  312  902]
 [   6   19    0  143  324   43  275  324    5    0  588    5  188    0    15    2   23   23  450   13]
 [   0    0  312  103    4    0    1    4  771  268   13  118   18    3     3    7  522    8    3    3]
 [  99    0    1    2    0    0 1366   13    1   64    4    1  902   13   110  275   63  324   19   14]
 [   2   12    3   21    4  267   60    2  182    0    9  729    2    0    53    2    2    0   15  832]]
Epoch: 13 Train Perplexity: 40.508
Epoch: 13 Valid Perplexity: 118.624
Test Perplexity: 114.609


